set_marker:whole_pattern
       00
       00 
     00  00
   00  00  00
 00  00  00  00
       00
fade_to
       07
       00 
     00  00
   00  00  00
 00  00  00  00
       00
fade_to
       70
       00 
     00  00
   00  00  00
 00  00  00  00
       00
fade_to
       70
       07 
     00  00
   00  00  00
 00  00  00  00
       00
fade_to
       70
       70 
     00  00
   00  00  00
 00  00  00  00
       00
fade_to
       70
       70 
     07  07
   00  00  00
 00  00  00  00
       00
fade_to
       70
       70 
     70  70
   00  00  00
 00  00  00  00
       00
fade_to
       70
       70 
     70  70
   07  07  07
 00  00  00  00
       00
fade_to
       70
       70 
     70  70
   70  70  70
 00  00  00  00
       00
fade_to
       70
       70 
     70  70
   70  70  70
 07  07  07  07
       00
fade_to
       70
       70 
     70  70
   70  70  70
 70  70  70  70
       00
fade_to
       70
       70 
     70  70
   70  70  70
 70  70  70  70
       07
fade_to
       70
       70 
     70  70
   70  70  70
 70  70  70  70
       70
set_marker:last_frame
fade_to
       70
       70 
     70  70
   70  70  70
 70  70  70  70
       70
repeat_forever:last_frame
